-0.0318700460214223,0.925663153575078,0.0786023109527559
-2.42238956979458,-1.45277789829397,-0.581551188631372
-0.0318700460214223,0.00405517181215465,0.0786023109527559
-0.901880964316675,-1.45277789829397,-1.17803478917557
-1.08103422603802,-1.45277789829397,-2.39189002986954
-1.06092890726491,-1.45277789829397,-1.26708775503787
-0.320618511682856,-1.45277789829397,-1.70764020335445
-0.0318700460214223,2.17511632577278,0.0786023109527559
-1.5612719145933,-1.45277789829397,-3.69148973725195
-0.0318700460214223,1.13506891413572,0.0786023109527559
0.744297942094724,-1.45277789829397,0.559391572053186
-1.41115829242301,-1.45277789829397,-2.28538696926315
-0.0318700460214223,2.52335964105022,0.0786023109527559
-2.24673400325597,-1.45277789829397,-0.417358541496951
-1.25420967925455,-1.45277789829397,-2.75397583760552
-2.43935073465149,-1.45277789829397,-1.40848250495488
0.892114027735772,-0.848434565354025,-2.13860226880098
-1.28353119163099,-1.45277789829397,-2.48102218708567
-0.0318700460214223,-1.22227162567715,0.0786023109527559
-1.95960988277219,-1.45277789829397,-1.00258797779495
-0.347993561997717,-1.45277789829397,-2.2498166793784
-0.0318700460214223,-0.478109607478685,0.0786023109527559
0.892114027735772,-2.7397449795329,-2.13860226880098
-1.22296279116392,-1.45277789829397,-2.03343800828926
-1.60573892955727,-1.45277789829397,-0.402469285412274
-0.684382042149155,-1.45277789829397,-0.860949758091669
0.892114027735772,-0.339855947983854,-2.13860226880098
-2.06694078251087,-1.45277789829397,-2.99005409689839
-0.0318700460214223,1.23261374954452,0.0786023109527559
-2.35767548687116,-1.45277789829397,0.122118097733185
-0.0318700460214223,0.409709691474111,0.0786023109527559
0.892114027735772,-2.40980589145688,-2.13860226880098
-1.7167215566611,-1.45277789829397,-0.826928324980258
-1.09979651567818,-1.45277789829397,-1.65886705659548
-0.0318700460214223,-0.846921012535764,0.0786023109527559
0.892114027735772,-1.02838829253503,-2.13860226880098
-1.54514888600591,-1.45277789829397,-1.82038396759714
0.892114027735772,-1.69307722551416,-2.13860226880098
-0.722213556042645,-1.45277789829397,0.0909476141651266
-0.782979859115556,-1.45277789829397,-0.215031099974165
-0.957665559746543,-1.45277789829397,-2.38104171139971
-0.555815918236886,-1.45277789829397,-0.906088035192304
-0.381597997992092,-1.45277789829397,-1.53329599032783
-2.61522224243922,-1.45277789829397,-1.23105397463364
-3.25863060451623,-1.45277789829397,-1.14695131949912
-0.0318700460214223,-0.26006820130874,0.0786023109527559
-0.0318700460214223,1.47320880058682,0.0786023109527559
-0.61069301950766,-1.45277789829397,0.139849865921232
-1.09375412328705,-1.45277789829397,-0.377759145827829
0.892114027735772,0.151802850137461,-2.13860226880098
0.892114027735772,-0.573578376627929,-2.13860226880098
0.892114027735772,-0.0291360907736173,-2.13860226880098
-0.804714735235059,-1.45277789829397,-1.81874256987326
-1.75667457005495,-1.45277789829397,-1.99480554334205
-2.8101369435663,-1.45277789829397,-3.25016102560844
-0.237774929968477,-1.45277789829397,-1.57695021505132
-0.287764424753882,-1.45277789829397,-0.0453156859698178
-0.0318700460214223,0.550711084720714,0.0786023109527559
-1.43803520166889,-1.45277789829397,-1.26499223253582
0.892114027735772,-1.3723245036895,-2.13860226880098
-1.35314389425328,-1.45277789829397,-2.31291446139222
1.03816300133807,-1.45277789829397,-0.362006175299514
-0.0318700460214223,-0.987769761565816,0.0786023109527559
-0.0318700460214223,1.17851577048233,0.0786023109527559
-1.5422707819496,-1.45277789829397,-1.04261280974006
0.892114027735772,-1.10674089639032,-2.13860226880098
-0.0318700460214223,0.842705978160974,0.0786023109527559
0.892114027735772,1.09499356059281,-2.13860226880098
-0.0318700460214223,-0.914368345683858,0.0786023109527559
0.892114027735772,0.692998459871203,-2.13860226880098
-0.349556452595055,-1.45277789829397,-0.64046114819058
-1.61520354158944,-1.45277789829397,0.152278283034895
0.316263048853569,-1.45277789829397,-1.42013364838533
-1.34657084273997,-1.45277789829397,-0.326296462961847
-0.0318700460214223,2.19602856280312,0.0786023109527559
-0.0318700460214223,0.494190898808201,0.0786023109527559
0.0837786783116612,-1.45277789829397,-1.4349396002077
0.892114027735772,-1.11158493350611,-2.13860226880098
-0.0318700460214223,1.22832146230811,0.0786023109527559
-2.2438010124266,-1.45277789829397,-3.11445579129902
0.892114027735772,-0.242001619245703,-2.13860226880098
0.892114027735772,-1.10876700679513,-2.13860226880098
-1.45303842093996,-1.45277789829397,-1.90191824054194
0.892114027735772,-0.805143624519308,-2.13860226880098
-1.60442155362682,-1.45277789829397,-1.32482635721941
-0.0318700460214223,0.626558597149722,0.0786023109527559
0.11731122447323,-1.45277789829397,-0.132956320776276
-0.606366205061152,-1.45277789829397,-1.70614464838958
-0.0318700460214223,-0.0677324160299891,0.0786023109527559
-1.30983493847455,-1.45277789829397,-1.07573610201597
-3.28730530786022,-1.45277789829397,-1.61823762284073
-1.62016970431952,-1.45277789829397,-1.88820267550295
0.892114027735772,-0.212492161783438,-2.13860226880098
0.892114027735772,0.256573338997313,-2.13860226880098
-0.0318700460214223,0.795211232633646,0.0786023109527559
-2.08204663364925,-1.45277789829397,-2.45206742381807
-1.36494702698806,-1.45277789829397,-2.8507395979428
0.892114027735772,-0.678188844315659,-2.13860226880098
0.892114027735772,-1.82117073883615,-2.13860226880098
-0.0318700460214223,0.322263567230408,0.0786023109527559
0.892114027735772,-1.52573835708062,-2.13860226880098
-0.956178673476814,-1.45277789829397,-2.26117708482623
-1.92899617186902,-1.45277789829397,0.0144138374948393
-0.0318700460214223,1.10947184006964,0.0786023109527559
0.892114027735772,-2.83064477884377,-2.13860226880098
-0.00646956303951574,-1.45277789829397,-0.731064590537263
-0.564172220616163,-1.45277789829397,-2.55428454389835
0.137642804790663,-1.45277789829397,-0.328995649541521
-1.52182347460229,-1.45277789829397,-1.82274928572847
-0.0318700460214223,1.57628260563156,0.0786023109527559
-0.0318700460214223,1.03814476688259,0.0786023109527559
0.892114027735772,-1.5190916293512,-2.13860226880098
-0.0170680717245313,-1.45277789829397,-2.54635209415381
0.892114027735772,0.356081120365757,-2.13860226880098
-0.0318700460214223,0.110302258720762,0.0786023109527559
-0.0318700460214223,1.40678754203923,0.0786023109527559
-3.06380786242741,-1.45277789829397,0.491079600030569
-0.407190807431819,-1.45277789829397,-0.145103651150754
-0.0318700460214223,2.85521370554642,0.0786023109527559
-3.21335180052516,-1.45277789829397,-1.66033239534337
-1.62241241245711,-1.45277789829397,-2.03727760335165
-0.967688441764553,-1.45277789829397,-1.50700727971388
-0.0318700460214223,-0.161598664109333,0.0786023109527559
-0.0318700460214223,1.0900585141321,0.0786023109527559
-1.77575415317621,-1.45277789829397,-2.01721705247093
-0.0318700460214223,0.466211580410259,0.0786023109527559
-1.43618098308031,-1.45277789829397,-2.31517925341846
0.892114027735772,-1.22770342849856,-2.13860226880098
-1.85112893510744,-1.45277789829397,-1.90022373373611
-0.58336917333156,-1.45277789829397,-3.81948699414537
1.40932993314735,-1.45277789829397,-0.753425768327143
-2.89188931145273,-1.45277789829397,-2.29467735668478
0.146344717225395,-1.45277789829397,-1.86139491340249
0.892114027735772,-2.43752367431137,-2.13860226880098
-0.830384907659865,-1.45277789829397,0.453107787157092
-0.0318700460214223,0.469359849864195,0.0786023109527559
0.105449165926458,-1.45277789829397,-0.684941147777
0.104052406456953,-1.45277789829397,-2.18166339531369
-1.79304713523015,-1.45277789829397,-3.00047515721117
0.892114027735772,-0.409247043610346,-2.13860226880098
0.43064607074099,-1.45277789829397,-1.90351703723933
-1.42432610882906,-1.45277789829397,-1.93614153505429
-2.10505531070171,-1.45277789829397,-0.719590145492599
0.892114027735772,-1.66455447964229,-2.13860226880098
-0.0318700460214223,-0.150788653093593,0.0786023109527559
-1.24701508683133,-1.45277789829397,-0.99321964396222
-1.87101269582939,-1.45277789829397,-0.545722963915313
-0.0318700460214223,2.12706559076664,0.0786023109527559
-1.12675039695619,-1.45277789829397,-0.781685137887974
-0.0318700460214223,-1.14267620420745,0.0786023109527559
-0.0318700460214223,0.802193351968945,0.0786023109527559
-0.384544828947001,-1.45277789829397,-1.31814725097563
-0.0318700460214223,0.955897311742469,0.0786023109527559
0.892114027735772,-1.31375038243717,-2.13860226880098
-0.445539525182303,-1.45277789829397,-1.02233737206822
-1.69989453888776,-1.45277789829397,-3.30206085130223
-0.0318700460214223,1.40117841566014,0.0786023109527559
-0.0318700460214223,0.243711445013208,0.0786023109527559
-0.0318700460214223,-0.188982620172705,0.0786023109527559
-0.0780453454857374,-1.45277789829397,-1.20965725470248
0.892114027735772,-0.798864168430752,-2.13860226880098
-0.0318700460214223,0.435385983694418,0.0786023109527559
-0.0318700460214223,-0.251629551268041,0.0786023109527559
-0.0318700460214223,0.535320307911232,0.0786023109527559
-1.44473090060779,-1.45277789829397,0.125680616340971
0.892114027735772,0.21177082949796,-2.13860226880098
-2.28025457691819,-1.45277789829397,-0.707915075585704
0.892114027735772,-0.628005344755675,-2.13860226880098
0.892114027735772,-3.34088057821686,-2.13860226880098
-2.13124260194061,-1.45277789829397,-2.17728648644606
-0.0318700460214223,2.61559694609719,0.0786023109527559
0.892114027735772,-0.850224512964233,-2.13860226880098
0.892114027735772,-0.0504777435315197,-2.13860226880098
-0.0318700460214223,2.1514017461083,0.0786023109527559
-0.172663623562324,-1.45277789829397,-2.38983647569346
-1.19346669852489,-1.45277789829397,-0.213151732733361
-0.187399676707332,-1.45277789829397,0.800679409645861
0.892114027735772,-1.49659881954886,-2.13860226880098
-1.46736252125037,-1.45277789829397,-1.94121152243609
-0.0318700460214223,1.25201786383532,0.0786023109527559
-1.32105656143889,-1.45277789829397,-1.75270937836177
-1.23026568944356,-1.45277789829397,-0.974564293577169
-1.08373453440735,-1.45277789829397,-0.510767278569694
0.892114027735772,-1.57862434542284,-2.13860226880098
-1.38653402401883,-1.45277789829397,-1.16379578581036
-1.34233088636125,-1.45277789829397,-0.678667107511382
0.892114027735772,-1.2388529022339,-2.13860226880098
0.0481798747053899,-1.45277789829397,-1.83447255121575
-0.0318700460214223,-0.45515997459617,0.0786023109527559
-1.8970525260081,-1.45277789829397,-2.10095568944866
-0.0318700460214223,0.426155424197119,0.0786023109527559
-2.32608323468404,-1.45277789829397,-1.80613838480962
-0.0510967883045923,-1.45277789829397,-1.51839421190603
-0.139829212889815,-1.45277789829397,-1.58451933962328
-0.192051634402311,-1.45277789829397,-1.09882186429798
-0.0318700460214223,-0.471006816770059,0.0786023109527559
-2.05894878984305,-1.45277789829397,-3.25507652643893
0.892114027735772,0.760666439570057,-2.13860226880098
-0.806016434524981,-1.45277789829397,-2.50788885600992
-1.52780063501366,-1.45277789829397,-1.11155616241213
-0.0318700460214223,-0.00612373243450359,0.0786023109527559
-0.312457321517029,-1.45277789829397,-1.43869247138883
-0.871035863939077,-1.45277789829397,-1.32162771955679
0.892114027735772,-1.60616146320194,-2.13860226880098
-0.0318700460214223,0.784432870216676,0.0786023109527559
0.892114027735772,-1.73326001997866,-2.13860226880098
0.892114027735772,-0.542439746292072,-2.13860226880098
-0.952154226271165,-1.45277789829397,-0.507966674173508
-0.946175018741202,-1.45277789829397,-0.934537294227198
-0.0318700460214223,1.54597060774139,0.0786023109527559
-0.260615190043403,-1.45277789829397,-1.60016017333741
-0.0318700460214223,2.73797698264997,0.0786023109527559
-1.5104980225825,-1.45277789829397,-2.58652555179505
-0.0318700460214223,-0.762220516486329,0.0786023109527559
-0.0318700460214223,-0.0869883516907854,0.0786023109527559
-1.34735369513978,-1.45277789829397,-1.29274335189594
-1.72017508020572,-1.45277789829397,-1.92649821337845
0.729084654046559,-1.45277789829397,-0.555362537954312
0.892114027735772,-2.79313682229024,-2.13860226880098
-2.0120736802248,-1.45277789829397,-2.56327314923028
-0.0423016147191797,-1.45277789829397,-3.17859413844525
0.15155563858001,-1.45277789829397,-1.16259260700612
0.892114027735772,-1.43642690855841,-2.13860226880098
-1.26343025928236,-1.45277789829397,-3.33834649647127
0.892114027735772,-0.430762090863667,-2.13860226880098
-1.29090504048632,-1.45277789829397,-0.120160849852252
-0.0318700460214223,0.150937771871,0.0786023109527559
-0.0318700460214223,1.82217046046584,0.0786023109527559
0.19279254974963,-1.45277789829397,-0.0319384735621506
-1.58129002378554,-1.45277789829397,-1.95303340854326
0.892114027735772,-1.20831608595043,-2.13860226880098
-3.19924960989512,-1.45277789829397,-3.07816897929863
0.892114027735772,-0.241768510103712,-2.13860226880098
-0.503511823230029,-1.45277789829397,-0.595353113498335
-1.04726542138243,-1.45277789829397,-2.07279065921343
-0.0318700460214223,0.265646644866856,0.0786023109527559
0.892114027735772,-1.01275122459797,-2.13860226880098
-1.38165414652552,-1.45277789829397,-3.31606698532733
-0.0318700460214223,0.703802882365267,0.0786023109527559
0.428691084988239,-1.45277789829397,-1.83445079612246
-0.0318700460214223,-0.67750155960332,0.0786023109527559
0.15283055851812,-1.45277789829397,-1.00414082252911
0.892114027735772,-1.89980554713732,-2.13860226880098
0.892114027735772,-0.747513665729013,-2.13860226880098
-1.73660782343449,-1.45277789829397,0.33044653727172
-1.47859931570077,-1.45277789829397,0.266442094753454
0.892114027735772,-0.841564510832312,-2.13860226880098
-0.0318700460214223,0.101883441840629,0.0786023109527559
0.427721485481967,-1.45277789829397,-1.88127331465114
0.892114027735772,-1.54349824373213,-2.13860226880098
-0.446663375335432,-1.45277789829397,-2.41921876515341
0.892114027735772,-0.591910248785509,-2.13860226880098
-2.22146734015895,-1.45277789829397,-1.9257585243001
-1.44160824142121,-1.45277789829397,0.0245636882579652
0.892114027735772,-1.09555035361808,-2.13860226880098
-1.56181481367845,-1.45277789829397,-1.1805534155718
0.892114027735772,-2.93433966712317,-2.13860226880098
-2.26704334824121,-1.45277789829397,-2.10854998808881
-0.909637303935966,-1.45277789829397,1.10714063281727
-0.919794910899538,-1.45277789829397,-2.9007821010405
0.892114027735772,-1.22882366730947,-2.13860226880098
-1.17650633628948,-1.45277789829397,-2.31463347286772
-2.4943030747339,-1.45277789829397,-2.31664710655389
0.892114027735772,-0.898757332080106,-2.13860226880098
0.892114027735772,-1.11188133340695,-2.13860226880098
0.176534451425917,-1.45277789829397,-1.24898721156498
-0.0318700460214223,0.773781909387103,0.0786023109527559
-0.902814490653267,-1.45277789829397,-2.12481884007439
-0.318126221446788,-1.45277789829397,-1.15931162710884
-1.60281391994495,-1.45277789829397,-1.32961593433981
-3.55343631361968,-1.45277789829397,-4.67365151084947
0.892114027735772,0.0978410310792729,-2.13860226880098
-1.06254026978809,-1.45277789829397,-1.10487477616228
-0.0318700460214223,0.642383526472661,0.0786023109527559
-0.488002400843454,-1.45277789829397,-0.891695552991177
-0.0318700460214223,0.265271416877552,0.0786023109527559
-1.63939231620494,-1.45277789829397,-3.44068670582648
0.892114027735772,0.921422291906181,-2.13860226880098
0.892114027735772,-0.132979071851779,-2.13860226880098
-0.0318700460214223,1.17366696638088,0.0786023109527559
0.892114027735772,-1.0753458083521,-2.13860226880098
0.892114027735772,0.110544148296929,-2.13860226880098
-0.909998969463419,-1.45277789829397,-2.23805135862508
1.10765564955143,-1.45277789829397,-0.645598995860932
-0.0318700460214223,0.576616588595727,0.0786023109527559
-0.882054234880705,-1.45277789829397,-2.73268635288453
-1.02166773123445,-1.45277789829397,-2.63263462436572
-1.11837620123135,-1.45277789829397,-1.0220903260301
-0.596017066956321,-1.45277789829397,-2.4535433414045
0.892114027735772,0.00928929074359319,-2.13860226880098
-1.32792040947772,-1.45277789829397,-2.31915942347448
-0.13841265599523,-1.45277789829397,-1.76032970654835
-1.82146441109952,-1.45277789829397,-1.46644112532812
0.279895114100497,-1.45277789829397,-0.735390585950483
-1.02715347255201,-1.45277789829397,-0.856101499918916
-2.71671254708412,-1.45277789829397,-1.79326122104693
-2.13251416977809,-1.45277789829397,-0.371378031485228
-0.0318700460214223,1.46144368649557,0.0786023109527559
0.892114027735772,-2.01372059516207,-2.13860226880098
-0.0318700460214223,2.31072997623665,0.0786023109527559
0.892114027735772,-2.21868546866733,-2.13860226880098
0.901225359094797,-1.45277789829397,-1.9807646282414
-0.0178959918658548,-1.45277789829397,-0.230684753636864
0.220331553760225,-1.45277789829397,-1.10348129676176
-1.39717931341992,-1.45277789829397,-1.16475250153871
-0.0318700460214223,0.748616002539158,0.0786023109527559
-2.48426260163315,-1.45277789829397,-1.47758493256574
0.892114027735772,-0.922891700778967,-2.13860226880098
0.892114027735772,0.313690594578938,-2.13860226880098
-1.95018912638564,-1.45277789829397,-1.2987979182271
-0.0335300213780783,-1.45277789829397,-1.71193800635853
-3.18148769261439,-1.45277789829397,-0.749348041107699
-0.0318700460214223,0.097563467741115,0.0786023109527559
-0.0318700460214223,-0.723558624925161,0.0786023109527559
-1.48829746618257,-1.45277789829397,-2.18020412369297
-1.43668177013055,-1.45277789829397,-1.78425880848398
-1.49791122059969,-1.45277789829397,-0.557895406462693
-2.10399021471041,-1.45277789829397,-1.82268188692646
0.892114027735772,-1.51569375175933,-2.13860226880098
-2.42436824848788,-1.45277789829397,-0.753489296550377
0.892114027735772,-2.73621546425997,-2.13860226880098
-1.16595394177076,-1.45277789829397,-1.8897595521069
-0.0318700460214223,-0.684313647913738,0.0786023109527559
-0.0335999193923433,-1.45277789829397,-0.346827448724913
-0.0318700460214223,1.07472087418663,0.0786023109527559
0.892114027735772,-1.64837919074461,-2.13860226880098
-1.51442473979384,-1.45277789829397,-1.42668152732779
-2.57677443509603,-1.45277789829397,-0.599658484819439
-0.0318700460214223,-1.99747233516137,0.0786023109527559
-0.0318700460214223,0.788418895839826,0.0786023109527559
-1.52392913626918,-1.45277789829397,-1.76381813701696
-1.08972641787806,-1.45277789829397,-0.529368859980893
-1.18524029634518,-1.45277789829397,-2.78439320140487
-0.0514163960011667,-1.45277789829397,-0.112473182891298
-0.0318700460214223,0.757454549642227,0.0786023109527559
-0.163464273766398,-1.45277789829397,-1.88746627220107
-0.0318700460214223,0.244822986841429,0.0786023109527559
-1.33923855849948,-1.45277789829397,-2.01713812909978
0.892114027735772,-0.891967286955798,-2.13860226880098
0.892114027735772,-2.16439439724167,-2.13860226880098
0.892114027735772,0.0170079112271414,-2.13860226880098
-2.00427547239112,-1.45277789829397,-0.510544977509136
-0.0318700460214223,1.76413256192679,0.0786023109527559
-0.143637312802327,-1.45277789829397,-1.09150137209201
0.892114027735772,-0.379327807883236,-2.13860226880098
0.892114027735772,-2.50574720342446,-2.13860226880098
-0.58586031161855,-1.45277789829397,-2.78339429700459
0.892114027735772,-2.29389079733409,-2.13860226880098
0.892114027735772,-1.89630700537179,-2.13860226880098
-0.453293581035517,-1.45277789829397,-0.365662038341779
-1.49663536138896,-1.45277789829397,-1.64330880761831
-1.11687712683773,-1.45277789829397,-0.530720245593207
0.892114027735772,-0.578948023436565,-2.13860226880098
-0.0318700460214223,0.173469419576987,0.0786023109527559
-1.31073154605894,-1.45277789829397,-0.941319390626665
-1.19782054791799,-1.45277789829397,-0.564086599168594
0.892114027735772,-1.70094795371635,-2.13860226880098
-1.81480819051284,-1.45277789829397,0.594455197146315
-2.13843053556659,-1.45277789829397,-1.97288003305469
-1.40946379232802,-1.45277789829397,-0.544948139492365
-0.857833545731781,-1.45277789829397,-0.176469215689398
0.892114027735772,-2.52236213985743,-2.13860226880098
0.892114027735772,-0.36560198969992,-2.13860226880098
-1.28439284808217,-1.45277789829397,-1.32606234504316
0.892114027735772,-1.16763022742202,-2.13860226880098
-1.06027913034079,-1.45277789829397,-2.12994504456329
-0.92015704646083,-1.45277789829397,-1.62977144613093
0.892114027735772,-0.148423395379907,-2.13860226880098
-0.0318700460214223,0.268921158544354,0.0786023109527559
-0.0318700460214223,0.474232331901668,0.0786023109527559
-0.0318700460214223,-0.459045729290291,0.0786023109527559
0.892114027735772,-0.923395519111018,-2.13860226880098
0.892114027735772,0.147044282732098,-2.13860226880098
-0.477240628572321,-1.45277789829397,-0.0699900341212965
-0.5662501368134,-1.45277789829397,-0.382510761728095
-2.46882449729435,-1.45277789829397,-1.64291109434978
0.892114027735772,-0.319558977115776,-2.13860226880098
-0.0318700460214223,1.16235223985881,0.0786023109527559
0.892114027735772,-2.18534085479593,-2.13860226880098
-1.72939510308471,-1.45277789829397,-1.38447814111667
0.892114027735772,-0.122421818480385,-2.13860226880098
-0.951341003281407,-1.45277789829397,-0.686416418219248
0.892114027735772,-1.63105756028402,-2.13860226880098
-0.0318700460214223,0.416970859499188,0.0786023109527559
-0.0318700460214223,1.84327676793097,0.0786023109527559
-3.13769835734099,-1.45277789829397,-1.05959465902366
-0.0318700460214223,0.080714433312621,0.0786023109527559
-0.497098198913748,-1.45277789829397,-1.77659210649322
-0.0318700460214223,0.982611374431403,0.0786023109527559
0.892114027735772,-1.99810407337285,-2.13860226880098
0.892114027735772,0.0310239679476131,-2.13860226880098
-2.31695356242416,-1.45277789829397,-2.34691171469828
-1.46917887235406,-1.45277789829397,-2.63710455249241
-0.0318700460214223,-0.525893583497636,0.0786023109527559
-2.25773900680615,-1.45277789829397,-0.90421369651476
0.892114027735772,1.13601476128572,-2.13860226880098
-3.33426912423024,-1.45277789829397,-1.60973199987419
-0.0318700460214223,2.03664902518645,0.0786023109527559
-1.27572227987634,-1.45277789829397,-1.67294807607287
-0.0318700460214223,0.920761210229556,0.0786023109527559
-1.75870701273286,-1.45277789829397,-1.41708354423163
-0.0318700460214223,0.816614802469393,0.0786023109527559
-0.0318700460214223,1.19361687497744,0.0786023109527559
0.892114027735772,-1.60099111574334,-2.13860226880098
-0.0318700460214223,1.40939131439673,0.0786023109527559
-1.2916678231194,-1.45277789829397,-2.80147778471098
-1.68707259260058,-1.45277789829397,-1.54207815559648
-0.674759671184705,-1.45277789829397,-0.641288201327321
-0.484377578894132,-1.45277789829397,-1.37727901958106
-1.78363772061939,-1.45277789829397,-2.25348513982852
0.171521513272037,-1.45277789829397,-1.06601571669324
-0.251230359300032,-1.45277789829397,-2.855593492161
-0.185767510188421,-1.45277789829397,-2.86378248309611
-1.6487643430032,-1.45277789829397,-0.75963246974293
-0.0318700460214223,-1.3145970734493,0.0786023109527559
0.892114027735772,-0.812851794261749,-2.13860226880098
-0.0318700460214223,1.29604830441001,0.0786023109527559
0.892114027735772,-1.63067781326103,-2.13860226880098
0.892114027735772,-2.6112044689846,-2.13860226880098
-0.369949025687522,-1.45277789829397,-2.45946996246436
0.892114027735772,0.12996179502544,-2.13860226880098
-3.46576223151195,-1.45277789829397,-1.93029039150672
-0.0318700460214223,-0.141564075454383,0.0786023109527559
-0.0318700460214223,0.867661771757131,0.0786023109527559
-0.598444180598898,-1.45277789829397,-0.475596406888808
0.892114027735772,-1.28034735074138,-2.13860226880098
0.892114027735772,1.06705107559588,-2.13860226880098
-3.70324637437701,-1.45277789829397,-2.38451186773144
-0.0318700460214223,0.155140332014598,0.0786023109527559
0.892114027735772,-1.66854710308026,-2.13860226880098
-0.0174113358664898,-1.45277789829397,-1.10890757141944
0.892114027735772,-0.209641734733374,-2.13860226880098
0.892114027735772,-1.10728603022484,-2.13860226880098
0.892114027735772,-2.10831846118081,-2.13860226880098
0.892114027735772,-0.760361238211315,-2.13860226880098
-0.836242120866732,-1.45277789829397,-1.85124881926531
-3.29139793317664,-1.45277789829397,-0.284198387052042
-0.130093047426827,-1.45277789829397,0.201237935304663
-0.0318700460214223,-0.18438012025839,0.0786023109527559
0.892114027735772,-0.786111082227324,-2.13860226880098
-0.313469610890365,-1.45277789829397,-2.06423408552617
0.892114027735772,-2.49277852845958,-2.13860226880098
-1.27860032288281,-1.45277789829397,-1.69332403196755
-0.0128836823665646,-1.45277789829397,-1.36015143916956
0.892114027735772,-0.191553641162946,-2.13860226880098
-0.0318700460214223,1.10879810491185,0.0786023109527559
-1.67819940408023,-1.45277789829397,-2.11304022728749
-0.7354998988657,-1.45277789829397,-1.9329713698356
0.892114027735772,-1.45302656029901,-2.13860226880098
-2.21977091825371,-1.45277789829397,-1.16625692243352
-1.18647712296323,-1.45277789829397,-2.42801505608814
-0.0849135682063538,-1.45277789829397,0.154636466922057
-1.99365126932364,-1.45277789829397,-1.22400150311144
-0.649401034603176,-1.45277789829397,-2.12139187838038
-0.630560059854667,-1.45277789829397,-1.23560166592238
0.814525730027408,-1.45277789829397,-1.83935633934471
-0.0318700460214223,1.9007083699672,0.0786023109527559
-0.0318700460214223,1.51799275359669,0.0786023109527559
0.892114027735772,-0.0689983737405329,-2.13860226880098
-1.83058017061587,-1.45277789829397,-1.62764226892062
-0.952713462279357,-1.45277789829397,-0.267558121367258
1.01930201077627,-1.45277789829397,-0.911388791384137
-0.0318700460214223,-0.402871175705872,0.0786023109527559
-0.957438061590178,-1.45277789829397,0.34225996843426
-2.34544642991124,-1.45277789829397,-1.79132647813346
0.851245531884932,-1.45277789829397,-0.629649621434678
-1.45734436055672,-1.45277789829397,-1.44564158878455
-0.600649008450509,-1.45277789829397,-1.74143333833054
-1.95619492623199,-1.45277789829397,-2.23220767474507
-0.0318700460214223,0.369223134820295,0.0786023109527559
-0.0405124297058967,-1.45277789829397,-2.06366818358399
-0.0318700460214223,0.627673927938966,0.0786023109527559
-0.0318700460214223,-0.366849648528706,0.0786023109527559
-0.658638469121524,-1.45277789829397,-1.90912408934774
-2.65479999657033,-1.45277789829397,-2.07782829138351
-1.59450504703028,-1.45277789829397,-2.64394539838735
-0.0318700460214223,1.99214099801907,0.0786023109527559
0.892114027735772,-0.138009671570406,-2.13860226880098
0.469091227403462,-1.45277789829397,-1.18049867895699
0.892114027735772,-1.46158292811243,-2.13860226880098
-0.979731893433554,-1.45277789829397,-0.848745589683999
-1.63544537991879,-1.45277789829397,-0.911947937516512
-0.0318700460214223,-0.732326902694274,0.0786023109527559
-1.50336503695081,-1.45277789829397,-1.27937582263884
-0.0318700460214223,2.73253507762281,0.0786023109527559
-0.0318700460214223,-0.0319585370946458,0.0786023109527559
-2.00138650904526,-1.45277789829397,-1.77646050083516
-1.10864911895265,-1.45277789829397,-0.950974367586076
-0.0318700460214223,-1.59342839636992,0.0786023109527559
0.892114027735772,-2.37288265435489,-2.13860226880098
-0.0318700460214223,3.43010276812703,0.0786023109527559
0.892114027735772,-1.81394754615095,-2.13860226880098
-0.359774902256871,-1.45277789829397,-1.68787506834836
-0.0318700460214223,0.879263578799843,0.0786023109527559
-0.0318700460214223,1.07026225837567,0.0786023109527559
-2.35630588403025,-1.45277789829397,-2.66825171299523
-0.0318700460214223,2.24357514360196,0.0786023109527559
-0.0579235657250867,-1.45277789829397,-2.90069680751493
0.892114027735772,-0.272332257888698,-2.13860226880098
-1.52136246327016,-1.45277789829397,-2.3618843322165
-0.0318700460214223,0.918761765253266,0.0786023109527559
0.892114027735772,-0.271074491065811,-2.13860226880098
-0.0318700460214223,-0.181553809944132,0.0786023109527559
-0.0318700460214223,0.0141368649024165,0.0786023109527559
-0.0318700460214223,0.779282429213866,0.0786023109527559
-0.0318700460214223,-0.117563100162249,0.0786023109527559
0.892114027735772,0.0272911084752231,-2.13860226880098
0.892114027735772,-0.515859576721149,-2.13860226880098
0.892114027735772,-1.5127299818803,-2.13860226880098
0.892114027735772,0.460827728425399,-2.13860226880098
-1.45206008864253,-1.45277789829397,-1.32783396523418
-1.69129847309478,-1.45277789829397,-1.14067776884739
0.892114027735772,-1.38280644211219,-2.13860226880098
-2.19556363093007,-1.45277789829397,-1.4426015193047
-0.0318700460214223,0.301808042017637,0.0786023109527559
-0.0318700460214223,0.650641515165363,0.0786023109527559
-0.683006724698957,-1.45277789829397,-1.82218498792443
0.892114027735772,-2.80796080125593,-2.13860226880098
-2.46371524554032,-1.45277789829397,-0.4627965096475
0.892114027735772,-1.29164141833227,-2.13860226880098
-1.06267239709072,-1.45277789829397,-2.41710090099055
-0.0318700460214223,0.363034776812249,0.0786023109527559
-0.0318700460214223,1.86030931439462,0.0786023109527559
0.892114027735772,-0.0383672293792119,-2.13860226880098
-0.0318700460214223,0.434255354683971,0.0786023109527559
0.892114027735772,-2.43787506425362,-2.13860226880098
0.892114027735772,-1.49703951527164,-2.13860226880098
-0.0318700460214223,1.46722568760668,0.0786023109527559
-1.0546251541294,-1.45277789829397,-2.25780566556327
-0.0318700460214223,0.590164426232536,0.0786023109527559
-1.53819492904011,-1.45277789829397,-0.205245225230587
-0.914423887167828,-1.45277789829397,-2.00690635085695
-2.06003774458738,-1.45277789829397,-1.33862505554139
-1.01168777414321,-1.45277789829397,-3.09207610887267
-0.0318700460214223,-0.264464789096499,0.0786023109527559
0.892114027735772,0.78885992241299,-2.13860226880098
-0.0318700460214223,1.41603316682727,0.0786023109527559
-0.387185208415325,-1.45277789829397,-0.104211855204195
-1.02315885754041,-1.45277789829397,-0.492649772694847
0.892114027735772,-1.5997640093024,-2.13860226880098
0.892114027735772,-1.53914496226968,-2.13860226880098
-1.97889456131819,-1.45277789829397,-1.97558118621334
-2.15379337151501,-1.45277789829397,-1.28273727405645
-0.0318700460214223,1.54043165317493,0.0786023109527559
0.892114027735772,-1.15996448399795,-2.13860226880098
0.892114027735772,1.38775827584566,-2.13860226880098
0.214716268803183,-1.45277789829397,-1.69330962259099
-1.81184270088498,-1.45277789829397,-1.60752704610608
0.892114027735772,-1.0399619654643,-2.13860226880098
-2.81700071214349,-1.45277789829397,0.262644778968646
-0.146822414802984,-1.45277789829397,-0.158936897662326
0.892114027735772,0.491063288790997,-2.13860226880098
-0.0318700460214223,0.915940850695523,0.0786023109527559
0.892114027735772,-1.05401425615783,-2.13860226880098
0.229516474267241,-1.45277789829397,-1.2068328175522
-0.285185058249545,-1.45277789829397,-1.48042068888418
-1.42422879436916,-1.45277789829397,-0.613085644346132
0.892114027735772,-0.7947002264447,-2.13860226880098
0.892114027735772,-1.45178634828196,-2.13860226880098
-1.06326579831115,-1.45277789829397,-1.52144144632186
-0.0518452835284673,-1.45277789829397,-0.571490435404615
0.892114027735772,-1.75226964509033,-2.13860226880098
-0.490978250791712,-1.45277789829397,-1.04742951198966
0.892114027735772,-2.7036773151581,-2.13860226880098
-0.0318700460214223,-1.12046151479182,0.0786023109527559
-0.2568761276395,-1.45277789829397,-0.956219561775383
-0.0318700460214223,0.458863350705849,0.0786023109527559
-1.10904296122045,-1.45277789829397,-1.27517238143208
-1.50333253326667,-1.45277789829397,-0.0983285231907953
0.892114027735772,1.31597508094206,-2.13860226880098
-1.9394270385654,-1.45277789829397,-0.0622994558600007
-1.9732380868521,-1.45277789829397,-1.27366560749225
0.892114027735772,-0.648934279384292,-2.13860226880098
0.892114027735772,-1.10291800668633,-2.13860226880098
-0.0318700460214223,1.17439897440171,0.0786023109527559
-1.53965739077525,-1.45277789829397,-0.296256627912921
-0.879235188395754,-1.45277789829397,0.127206813743996
-0.0318700460214223,0.794219607658258,0.0786023109527559
-0.0318700460214223,-0.306573307720898,0.0786023109527559
-2.16096006488808,-1.45277789829397,-2.41815553112839
-0.0318700460214223,-0.189043918633557,0.0786023109527559
-0.673921939955947,-1.45277789829397,-0.0425597592853433
-0.0318700460214223,0.78874152172161,0.0786023109527559
-2.17620408474279,-1.45277789829397,-0.982040299662905
-0.0318700460214223,-0.081006565458307,0.0786023109527559
0.0701388522271005,-1.45277789829397,0.752504019916545
-0.0318700460214223,-0.315222475692918,0.0786023109527559
-1.55517631226441,-1.45277789829397,-1.02154833341595
-0.0318700460214223,-0.423545060774964,0.0786023109527559
0.892114027735772,-2.18602047809196,-2.13860226880098
-0.0318700460214223,-0.954077395821691,0.0786023109527559
0.892114027735772,-0.61545636580707,-2.13860226880098
0.892114027735772,1.18886829419199,-2.13860226880098
-0.874561268116941,-1.45277789829397,-2.15502154758711
0.602932688159745,-1.45277789829397,0.179508569758796
-0.0318700460214223,0.696627004961263,0.0786023109527559
-0.0318700460214223,0.740615069622421,0.0786023109527559
-1.86688844550684,-1.45277789829397,-0.946656438288569
-0.0318700460214223,2.62253991590117,0.0786023109527559
-0.0318700460214223,1.19766601576328,0.0786023109527559
-0.0318700460214223,1.34005565920704,0.0786023109527559
-1.6870593964486,-1.45277789829397,-1.31317147756752
-1.65816647003722,-1.45277789829397,-1.40311328676132
0.892114027735772,0.0341791724920902,-2.13860226880098
0.0931472677674632,-1.45277789829397,-0.792879301703008
-1.43531413725518,-1.45277789829397,-3.51884885019078
0.892114027735772,-1.76070579723786,-2.13860226880098
-0.495155802201065,-1.45277789829397,-1.6084358846448
-0.0318700460214223,0.407047549802441,0.0786023109527559
-0.0318700460214223,-0.728914810639249,0.0786023109527559
-0.180920155492723,-1.45277789829397,-3.22357944235113
0.892114027735772,-0.29087201069329,-2.13860226880098
-1.35805574260651,-1.45277789829397,-0.905217760329564
-0.0318700460214223,-0.114753297649986,0.0786023109527559
0.892114027735772,-1.78312732572768,-2.13860226880098
0.892114027735772,-0.0500536521723646,-2.13860226880098
-1.50071066616965,-1.45277789829397,-1.07543025956963
-0.957488809657115,-1.45277789829397,-1.55309929283771
-1.9033818874826,-1.45277789829397,0.505507855783006
-0.0318700460214223,1.73532871957098,0.0786023109527559
0.892114027735772,-1.82581164626868,-2.13860226880098
-0.0318700460214223,0.331234009955451,0.0786023109527559
0.412820998758107,-1.45277789829397,-1.19224243269967
-0.0318700460214223,0.60394324854876,0.0786023109527559
-0.0318700460214223,0.775422267018887,0.0786023109527559
-0.0318700460214223,1.85663626023498,0.0786023109527559
-1.10513374228761,-1.45277789829397,-1.04411613863692
-0.0318700460214223,0.479455661366313,0.0786023109527559
-1.91118513024151,-1.45277789829397,0.831439441770013
-0.502003715500699,-1.45277789829397,-1.29905880132191
-1.57563129180577,-1.45277789829397,-0.79966986028371
0.892114027735772,-0.913613705672896,-2.13860226880098
-0.0318700460214223,0.815603791559887,0.0786023109527559
0.828876511816337,-1.45277789829397,-2.58028693807712
-1.88146195132238,-1.45277789829397,-2.17832318118039
-1.42295725473422,-1.45277789829397,-1.62428937550537
0.216153537087619,-1.45277789829397,-3.13005511879399
-0.0318700460214223,-0.438048727384797,0.0786023109527559
-0.0318700460214223,0.401567680404326,0.0786023109527559
-1.50202656697338,-1.45277789829397,-1.05657280321347
-1.72044821290357,-1.45277789829397,-1.37223730211398
0.892114027735772,-1.89891609301636,-2.13860226880098
-0.0318700460214223,1.76943951391711,0.0786023109527559
-0.0318700460214223,1.51534475363603,0.0786023109527559
-0.0318700460214223,0.859246685421018,0.0786023109527559
-0.230832502670884,-1.45277789829397,-2.42793094307638
-0.484558163602764,-1.45277789829397,-1.12164436819621
-0.423056838006318,-1.45277789829397,-0.621559343156908
0.892114027735772,-1.19995067247542,-2.13860226880098
-0.58017363041264,-1.45277789829397,-1.14933238346944
-0.0318700460214223,0.233701555912122,0.0786023109527559
0.892114027735772,0.305943128708867,-2.13860226880098
0.892114027735772,-3.23984599517709,-2.13860226880098
-1.71035468789794,-1.45277789829397,0.0492725570557999
-0.0318700460214223,1.19199189546746,0.0786023109527559
-0.0318700460214223,-2.06057354997853,0.0786023109527559
-0.0318700460214223,0.516361362541799,0.0786023109527559
0.892114027735772,-1.33791460079488,-2.13860226880098
0.892114027735772,-2.00883413687651,-2.13860226880098
-0.0318700460214223,1.40475503177067,0.0786023109527559
0.892114027735772,-2.20655420035586,-2.13860226880098
-2.29029585268893,-1.45277789829397,-1.98442792515482
-1.88430730029447,-1.45277789829397,-0.728282790663582
0.892114027735772,-2.13095310449026,-2.13860226880098
-0.0318700460214223,0.849398051853289,0.0786023109527559
-0.0318700460214223,-0.687666065643485,0.0786023109527559
-0.344832708318568,-1.45277789829397,-1.83837388499225
0.892114027735772,0.493723477973783,-2.13860226880098
-0.0318700460214223,-1.40307737077192,0.0786023109527559
-2.50369894019989,-1.45277789829397,-3.15248828089089
0.892114027735772,-0.63222225222432,-2.13860226880098
0.302373679631787,-1.45277789829397,-2.1093311197139
0.892114027735772,-1.02935378487727,-2.13860226880098
-0.0318700460214223,1.79944737739054,0.0786023109527559
-1.31972794036316,-1.45277789829397,-1.95315803328098
-2.79391256755686,-1.45277789829397,-1.87802144923034
-1.14570276688776,-1.45277789829397,-2.06016919885067
-0.0318700460214223,1.03607835207078,0.0786023109527559
0.892114027735772,-1.26841460163505,-2.13860226880098
-2.08477466952898,-1.45277789829397,0.0371011265752841
-1.28621895509696,-1.45277789829397,-0.911757423364188
-0.0318700460214223,0.905885223719244,0.0786023109527559
0.892114027735772,-0.717445405035599,-2.13860226880098
-2.31869893681617,-1.45277789829397,-2.35206268459618
-0.377960680040987,-1.45277789829397,-3.6892351958387
-0.0318700460214223,0.851278124533468,0.0786023109527559
0.892114027735772,-0.546736754327976,-2.13860226880098
-1.93145760788766,-1.45277789829397,-1.24402055157878
-3.27700838044766,-1.45277789829397,-0.00788634397145405
-1.47550086681528,-1.45277789829397,-0.75366821611793
-0.576991579537811,-1.45277789829397,-2.05223722508286
-0.854824450273136,-1.45277789829397,-3.22028945019837
-0.0318700460214223,0.28259144062291,0.0786023109527559
0.601803503770832,-1.45277789829397,-2.60072544420738
-0.452964107051707,-1.45277789829397,-0.988069135808935
-1.57456429645469,-1.45277789829397,-1.76860554052509
-1.83740671244417,-1.45277789829397,-1.14648054851689
0.892114027735772,-0.861517754796265,-2.13860226880098
0.892114027735772,-0.113930529213232,-2.13860226880098
-0.0318700460214223,0.97732598069853,0.0786023109527559
-1.64152552296367,-1.45277789829397,-1.66146420088302
-0.396503615482655,-1.45277789829397,-2.00881901905075
0.892114027735772,-1.34104706002952,-2.13860226880098
-1.73390471514092,-1.45277789829397,-2.50791786495717
-1.87695699478345,-1.45277789829397,-1.59683373431622
-0.0318700460214223,1.20500514425767,0.0786023109527559
-1.65274862636292,-1.45277789829397,-1.50085544744939
-1.25148134503179,-1.45277789829397,-1.55395318417173
0.892114027735772,-1.69910609949411,-2.13860226880098
-1.89931162463436,-1.45277789829397,-0.0558160603632205
0.892114027735772,-1.10933182594209,-2.13860226880098
-0.969961518528053,-1.45277789829397,-1.14586200586693
-1.75315620498157,-1.45277789829397,-1.00633445767446
0.892114027735772,-0.845438960111164,-2.13860226880098
-2.07655884286871,-1.45277789829397,-0.968355085170681
-0.0318700460214223,1.73445712038719,0.0786023109527559
-0.819124198294385,-1.45277789829397,-0.8083012217391
-0.0318700460214223,0.231278476129177,0.0786023109527559
-0.0318700460214223,1.35205300529587,0.0786023109527559
0.892114027735772,-0.817917269899935,-2.13860226880098
-1.52989838808358,-1.45277789829397,-1.54983700712523
-2.4962103304783,-1.45277789829397,-2.81123840674921
-0.875872787111017,-1.45277789829397,-2.04189382586524
-0.0318700460214223,3.07151589850691,0.0786023109527559
-1.06337134090806,-1.45277789829397,-0.815626935588421
-0.0318700460214223,-0.0123621597603243,0.0786023109527559
-1.45197575322657,-1.45277789829397,-2.33570085019789
-0.515587335795971,-1.45277789829397,-0.0350165002789049
-0.101858474947604,-1.45277789829397,-2.67702117306888
0.892114027735772,0.54915006408204,-2.13860226880098
0.892114027735772,-1.86152432638146,-2.13860226880098
-0.430976834909868,-1.45277789829397,0.199764107939683
-0.0318700460214223,-0.559439592609239,0.0786023109527559
-0.0318700460214223,0.196142628495551,0.0786023109527559
0.892114027735772,-0.931654801929043,-2.13860226880098
0.396475037913716,-1.45277789829397,-1.13771539973769
-0.542820302091917,-1.45277789829397,-0.797222123600905
0.0564495397032527,-1.45277789829397,-0.712686355607354
-0.428863097923187,-1.45277789829397,-0.596254320175215
-0.861070068429824,-1.45277789829397,-1.05118684640828
-0.0318700460214223,0.126869635569241,0.0786023109527559
0.892114027735772,-2.51105883417989,-2.13860226880098
-0.722494134596042,-1.45277789829397,-1.33145669427302
0.353865973640746,-1.45277789829397,-1.34023282918916
-1.04334778082813,-1.45277789829397,-2.31775002318392
-0.0121183042420807,-1.45277789829397,-1.18091273015466
-0.637363931975854,-1.45277789829397,-2.31642714767334
0.892114027735772,-1.16590210071465,-2.13860226880098
0.143322860397948,-1.45277789829397,-2.56530685051489
0.892114027735772,0.585311199666305,-2.13860226880098
0.892114027735772,-0.980156362259116,-2.13860226880098
0.892114027735772,-0.859128696985549,-2.13860226880098
0.892114027735772,-1.30499401507677,-2.13860226880098
0.892114027735772,-1.74130913927575,-2.13860226880098
-0.95719263648695,-1.45277789829397,-1.05815224702452
-1.4500820656686,-1.45277789829397,1.31109847546102
-1.87717428799561,-1.45277789829397,-1.83389429860694
-1.22741510689622,-1.45277789829397,-0.0672112206389706
0.892114027735772,-0.750352608527595,-2.13860226880098
0.892114027735772,-1.44528910481438,-2.13860226880098
-0.0318700460214223,-0.274188130526179,0.0786023109527559
-1.57482707852887,-1.45277789829397,-0.0132555022497731
-0.0318700460214223,1.45402051621541,0.0786023109527559
-0.423812370849955,-1.45277789829397,-1.22601112900319
-0.0318700460214223,0.73052379180348,0.0786023109527559
-0.0318700460214223,-0.625375055649064,0.0786023109527559
-2.35003681801571,-1.45277789829397,-2.58355123619513
-0.713097339836756,-1.45277789829397,-1.2040452417269
-0.993319675878612,-1.45277789829397,-0.971729640073798
-0.0318700460214223,0.495924876818356,0.0786023109527559
0.892114027735772,-1.59089126489779,-2.13860226880098
0.892114027735772,-0.10404498014662,-2.13860226880098
0.892114027735772,-0.770839466467736,-2.13860226880098
-0.619980208765406,-1.45277789829397,-2.10966622788773
-0.737493849389531,-1.45277789829397,0.35336715577751
-0.0318700460214223,-0.0301964716561202,0.0786023109527559
-0.910047057321473,-1.45277789829397,-2.42188158278897
-0.0318700460214223,-0.0557420681787718,0.0786023109527559
-2.63064423792085,-1.45277789829397,-0.35314221523668
0.892114027735772,-1.42301258247305,-2.13860226880098
0.892114027735772,-2.6448607964703,-2.13860226880098
-1.79339684803899,-1.45277789829397,-0.445289775734613
-2.12840101423314,-1.45277789829397,-2.10419989653772
-3.36486052795688,-1.45277789829397,-1.27222550513188
0.892114027735772,0.539006904822452,-2.13860226880098
-0.0318700460214223,2.28290446484971,0.0786023109527559
0.892114027735772,-0.774353083606721,-2.13860226880098
-0.0318700460214223,0.942570124859548,0.0786023109527559
-1.58840579796442,-1.45277789829397,-0.0773229802789557
-0.153447345877727,-1.45277789829397,-1.27543671755585
-1.56113735421296,-1.45277789829397,-2.25441798487887
-2.64434405302767,-1.45277789829397,-2.27263678144293
0.892114027735772,-1.92472955630715,-2.13860226880098
0.61394989189783,-1.45277789829397,-3.09626254312341
0.892114027735772,-1.51222599926546,-2.13860226880098
-0.0318700460214223,0.412736718217869,0.0786023109527559
-0.918132046820199,-1.45277789829397,-1.06303819550842
0.892114027735772,-1.20512113781689,-2.13860226880098
0.892114027735772,-2.08440000855846,-2.13860226880098
0.0174887092486089,-1.45277789829397,-2.15127459817609
-0.0318700460214223,1.72789427300838,0.0786023109527559
-0.0318700460214223,-0.573818527354589,0.0786023109527559
-0.0318700460214223,0.74334191149475,0.0786023109527559
0.892114027735772,-1.29718542989411,-2.13860226880098
-0.0318700460214223,1.88421646092763,0.0786023109527559
0.892114027735772,-1.99373636443568,-2.13860226880098
0.892114027735772,-1.59917544910653,-2.13860226880098
0.892114027735772,-1.41194336914749,-2.13860226880098
-1.78332242580902,-1.45277789829397,-0.82597483760935
-1.06390011161121,-1.45277789829397,-0.201296837381554
-0.0318700460214223,1.42779200284978,0.0786023109527559
-1.57597711582385,-1.45277789829397,-0.693083348759989
0.892114027735772,-2.34754358244548,-2.13860226880098
0.127882479967174,-1.45277789829397,-3.06007920795346
-0.0318700460214223,1.98558347232216,0.0786023109527559
-0.0318700460214223,1.70306545957744,0.0786023109527559
-0.871351579612418,-1.45277789829397,-3.14275728844713
0.892114027735772,-2.44699054118041,-2.13860226880098
-0.0318700460214223,0.983874208365083,0.0786023109527559
-0.516316064424505,-1.45277789829397,-0.780761114854386
0.892114027735772,-1.968285181917,-2.13860226880098
-1.02408171334598,-1.45277789829397,-1.88127061832133
0.285572771182811,-1.45277789829397,-1.77466325386345
-2.16981569110047,-1.45277789829397,-0.582007879356317
0.892114027735772,0.463960630130208,-2.13860226880098
-1.82316527518687,-1.45277789829397,0.766844139367884
-2.31499038712639,-1.45277789829397,-1.61424648569738
0.892114027735772,-1.2127478345775,-2.13860226880098
0.892114027735772,-2.50652639584299,-2.13860226880098
-0.735564279715562,-1.45277789829397,-2.76842085205497
0.892114027735772,-0.966471989511032,-2.13860226880098
0.149149327896013,-1.45277789829397,-1.76399771682319
-0.0318700460214223,-0.428610562933607,0.0786023109527559
-1.94262584240249,-1.45277789829397,-1.0468186905843
-0.0318700460214223,-0.48126598873942,0.0786023109527559
-0.981855567056823,-1.45277789829397,-0.581756245560352
-0.0318700460214223,-0.724045658498694,0.0786023109527559
-0.618343151292771,-1.45277789829397,-1.72392012918953
0.892114027735772,-1.55767524086866,-2.13860226880098
0.892114027735772,-0.675703267987132,-2.13860226880098
-0.656970366720055,-1.45277789829397,-0.273547606434886
-1.98332017468598,-1.45277789829397,-3.0434125780152
-0.611689757485087,-1.45277789829397,-0.35186283601769
0.892114027735772,-2.10522242597015,-2.13860226880098
-0.0318700460214223,1.36996512244088,0.0786023109527559
-0.283621441617829,-1.45277789829397,-2.38907467355724
0.892114027735772,-2.18645947319816,-2.13860226880098
-1.29124580463197,-1.45277789829397,-1.53669533129616
0.892114027735772,0.305115406007559,-2.13860226880098
0.892114027735772,-0.61062322014854,-2.13860226880098
1.17137377557364,-1.45277789829397,-2.25848343249158
-1.82229684209055,-1.45277789829397,-3.10371440451923
-1.70802582497377,-1.45277789829397,-0.910475602470008
-2.47021672338223,-1.45277789829397,-1.33760620872611
-0.0318700460214223,-0.497124620843443,0.0786023109527559
-0.0318700460214223,-0.276095739153499,0.0786023109527559
0.892114027735772,-0.575284904442239,-2.13860226880098
-2.41126961901763,-1.45277789829397,-1.35821175857547
-0.615645552417495,-1.45277789829397,-1.53456228940631
0.892114027735772,-0.606008963139692,-2.13860226880098
0.892114027735772,-0.553880690659833,-2.13860226880098
0.892114027735772,-1.38815519848876,-2.13860226880098
-1.69054617998172,-1.45277789829397,-1.49244734497682
-1.74234806573453,-1.45277789829397,-1.61960093972705
0.892114027735772,-0.978272305229302,-2.13860226880098
-0.0318700460214223,-1.36311603543855,0.0786023109527559
-1.95731943597362,-1.45277789829397,-1.14361464868574
-0.331825990085636,-1.45277789829397,-1.65494261862206
0.892114027735772,0.246883019116221,-2.13860226880098
-2.72715988341385,-1.45277789829397,-1.74764918876263
-0.0318700460214223,2.00026335652322,0.0786023109527559
-1.37433000065563,-1.45277789829397,-0.246768585301976
-0.901711228601467,-1.45277789829397,-1.41824045241752
-0.173417803357681,-1.45277789829397,-2.31279534591546
0.627989673310768,-1.45277789829397,-1.4601374384504
-1.97790536841821,-1.45277789829397,-3.11953806501267
-2.31305820673125,-1.45277789829397,-0.901439596790357
-3.19844810713441,-1.45277789829397,-1.6108724406395
0.45506847044144,-1.45277789829397,0.480177265420188
-2.61681852838891,-1.45277789829397,-0.291429935472618
0.892114027735772,-0.235941210903691,-2.13860226880098
-0.908187951747039,-1.45277789829397,-2.21133209832134
-1.32610227383807,-1.45277789829397,-0.963886510049915
-1.20024332951374,-1.45277789829397,-0.585490090600143
0.892114027735772,-0.187840858019416,-2.13860226880098
-1.11886826878062,-1.45277789829397,-1.73081001314008
0.892114027735772,-0.482513078066622,-2.13860226880098
0.892114027735772,-0.598606711170758,-2.13860226880098
-0.0318700460214223,-1.04269431449359,0.0786023109527559
-0.88929934724809,-1.45277789829397,-2.23318842500656
-0.0318700460214223,-0.403520368212711,0.0786023109527559
-0.189394978514896,-1.45277789829397,-0.364767934342562
-0.0318700460214223,-0.13522954808287,0.0786023109527559
0.892114027735772,-0.60358200113675,-2.13860226880098
-0.0318700460214223,0.0195671024123567,0.0786023109527559
0.892114027735772,-2.47169200490708,-2.13860226880098
-0.860414735551576,-1.45277789829397,-1.82738968357052
-0.0318700460214223,1.8213069139126,0.0786023109527559
-2.32708906764945,-1.45277789829397,-0.63360333601144
-0.0318700460214223,1.0992379546982,0.0786023109527559
0.892114027735772,0.637670557988361,-2.13860226880098
-0.0318700460214223,-0.568727978645237,0.0786023109527559
-0.162957339818117,-1.45277789829397,-1.17646475752946
-1.19816995769263,-1.45277789829397,-2.02659233978096
-0.0318700460214223,-0.458222839900054,0.0786023109527559
-0.24533773866917,-1.45277789829397,-0.705695020598325
-0.484506764203262,-1.45277789829397,0.504693897626499
0.892114027735772,-1.55022453346967,-2.13860226880098
-0.0318700460214223,0.338067868618804,0.0786023109527559
-0.0571198119865968,-1.45277789829397,-2.75322505541934
-1.70903239155034,-1.45277789829397,-1.9273112088594
-0.0318700460214223,1.31774677262533,0.0786023109527559
-2.15565956615653,-1.45277789829397,-2.4993345971112
0.606424518482395,-1.45277789829397,-0.907660243993529
0.892114027735772,-0.678619925111666,-2.13860226880098
-0.0318700460214223,0.193597097781596,0.0786023109527559
0.892114027735772,0.578727381536102,-2.13860226880098
0.892114027735772,0.966210767801727,-2.13860226880098
-2.03508252358464,-1.45277789829397,0.0673836627867643
-0.0318700460214223,0.378560598845986,0.0786023109527559
-1.87183285514192,-1.45277789829397,-0.421070661420213
-0.0318700460214223,0.236198348436964,0.0786023109527559
-0.982115351595434,-1.45277789829397,-0.831817370362352
-0.698341516818564,-1.45277789829397,0.111857377910139
-1.23619554192093,-1.45277789829397,-1.46568869358184
-1.4931431006276,-1.45277789829397,0.610717872302424
-1.24583023639538,-1.45277789829397,-1.34857608555334
0.892114027735772,-3.18883276186018,-2.13860226880098
-0.0318700460214223,2.1376830592349,0.0786023109527559
-1.88316089897983,-1.45277789829397,-1.69666930179913
-1.55749581355229,-1.45277789829397,-2.23464821981956
-1.52315140417851,-1.45277789829397,0.310123973774646
0.892114027735772,-0.958300186586201,-2.13860226880098
-0.35593975241603,-1.45277789829397,-1.05781644299925
-0.0318700460214223,1.61434592314017,0.0786023109527559
-0.0318700460214223,0.802787649246392,0.0786023109527559
-0.545101200043467,-1.45277789829397,-0.0634638051958807
0.892114027735772,-0.78895917931002,-2.13860226880098
0.892114027735772,-0.938022910562371,-2.13860226880098
-1.87354665382474,-1.45277789829397,0.893085992325406
-1.93101775846149,-1.45277789829397,-2.25850456107313
-1.91763092186091,-1.45277789829397,-1.92100053455488
0.295850158538108,-1.45277789829397,-2.10884610274592
-0.0318700460214223,0.831191552554308,0.0786023109527559
0.892114027735772,1.98446762719338,-2.13860226880098
-0.0318700460214223,0.388849175190735,0.0786023109527559
0.706244691840499,-1.45277789829397,-1.67027663968583
-1.49538973257097,-1.45277789829397,-0.830535250206009
-0.0318700460214223,1.04782704187844,0.0786023109527559
-1.91542994180211,-1.45277789829397,-2.12476388033582
0.892114027735772,-2.11944071893714,-2.13860226880098
-0.507496207881233,-1.45277789829397,-0.770179118851699
-0.0318700460214223,2.38620243047828,0.0786023109527559
0.892114027735772,-1.25282586113067,-2.13860226880098
-0.769620950773473,-1.45277789829397,-0.0890291523677602
-0.541227031114193,-1.45277789829397,-0.970079016050499
0.347646235042985,-1.45277789829397,-1.16885250634218
-0.0318700460214223,0.462918577076918,0.0786023109527559
0.892114027735772,-1.16143541904177,-2.13860226880098
0.892114027735772,-0.158239330677526,-2.13860226880098
0.892114027735772,-2.39844435518005,-2.13860226880098
-3.93727975923346,-1.45277789829397,-1.22627915985531
0.892114027735772,-1.81844353683914,-2.13860226880098
-0.0318700460214223,0.26906626018375,0.0786023109527559
0.892114027735772,-0.333885928916488,-2.13860226880098
0.892114027735772,-1.37213094728754,-2.13860226880098
0.892114027735772,-1.17371281314422,-2.13860226880098
0.892114027735772,-1.75041728255657,-2.13860226880098
-0.0318700460214223,1.2403197605578,0.0786023109527559
-0.943705479795489,-1.45277789829397,-2.05335545790243
0.892114027735772,-3.01019646503575,-2.13860226880098
0.892114027735772,-2.02809694387693,-2.13860226880098
-0.0318700460214223,1.45725868096899,0.0786023109527559
0.892114027735772,-1.43088275815455,-2.13860226880098
-1.5143612250541,-1.45277789829397,-2.56463185333735
-0.0318700460214223,1.38703836816326,0.0786023109527559
-2.11850747667274,-1.45277789829397,-1.94510008953208
0.892114027735772,-2.89042648632019,-2.13860226880098
-0.113749232592214,-1.45277789829397,-2.20185193057924
-1.22207434714547,-1.45277789829397,-3.88922929713313
0.892114027735772,-2.37147318599152,-2.13860226880098
-0.0318700460214223,0.774182631902045,0.0786023109527559
-2.07624357920688,-1.45277789829397,-1.86741208833804
-1.06355590774083,-1.45277789829397,-1.74451415259943
0.892114027735772,-0.355619955205722,-2.13860226880098
-0.805026783974135,-1.45277789829397,-0.328800694545826
-2.53127104728109,-1.45277789829397,-1.08219125778467
0.892114027735772,0.00949420591213179,-2.13860226880098
-0.284548909899181,-1.45277789829397,-0.681649105614291
-0.0318700460214223,-1.06933318550861,0.0786023109527559
0.892114027735772,0.919839009945848,-2.13860226880098
0.051566216759245,-1.45277789829397,0.405696186844805
0.543548838867354,-1.45277789829397,0.506942868181591
-1.77983902719684,-1.45277789829397,-2.11862115196217
-0.0318700460214223,0.719482603343269,0.0786023109527559
-0.669504478470152,-1.45277789829397,-1.92829701721264
-1.93213762647743,-1.45277789829397,-2.82505048603798
0.892114027735772,-0.977359240491219,-2.13860226880098
0.892114027735772,-0.315187886267353,-2.13860226880098
0.892114027735772,-0.0869205654556677,-2.13860226880098
-2.32418220633804,-1.45277789829397,-1.4495718254023
-0.0318700460214223,0.495456564298325,0.0786023109527559
-0.169455172962876,-1.45277789829397,-0.54182653608396
-1.85563680603332,-1.45277789829397,-1.54202494569621
0.892114027735772,-2.08432231818147,-2.13860226880098
-0.429572066802606,-1.45277789829397,-3.04207834818329
-0.0318700460214223,1.18587203288991,0.0786023109527559
-1.69777569705944,-1.45277789829397,-0.840945346232373
0.892114027735772,-0.76937264030814,-2.13860226880098
-1.2963346127015,-1.45277789829397,-0.973680067469932
-0.0318700460214223,1.30274598360458,0.0786023109527559
-0.0318700460214223,2.64168484076034,0.0786023109527559
-0.0318700460214223,-1.60768879172611,0.0786023109527559
-0.432663838353181,-1.45277789829397,-1.91480296985118
-1.44808757277436,-1.45277789829397,-2.54207459678217
-2.09814827744782,-1.45277789829397,-2.03121695013854
-1.07545725193341,-1.45277789829397,-3.45074676271867
-2.49036294168209,-1.45277789829397,-1.9111987567676
-0.0318700460214223,0.911930766398633,0.0786023109527559
-1.90235565597482,-1.45277789829397,-0.33671211839181
-0.0318700460214223,0.838507562933163,0.0786023109527559
-1.05762412178941,-1.45277789829397,-2.03588399250973
-0.0318700460214223,1.06921194063863,0.0786023109527559
-0.0318700460214223,0.39812787153346,0.0786023109527559
-2.22685076914653,-1.45277789829397,-1.62877361791373
-1.16563930941978,-1.45277789829397,-1.3891772404887
-0.0318700460214223,0.225480608957898,0.0786023109527559
0.40900323994229,-1.45277789829397,-0.839980297223575
0.892114027735772,-2.38528259204995,-2.13860226880098
0.892114027735772,-0.865866000426163,-2.13860226880098
-1.38478000985711,-1.45277789829397,-0.489135083356467
-0.749109479679144,-1.45277789829397,-2.23308037183363
-1.03329907671624,-1.45277789829397,-1.42280178680671
0.892114027735772,-0.971248536438659,-2.13860226880098
-1.80548598848625,-1.45277789829397,-1.87817783985147
-0.0318700460214223,2.06461918407273,0.0786023109527559
-0.0318700460214223,-1.09375444543256,0.0786023109527559
-2.05599527719045,-1.45277789829397,-0.652841292401702
-0.31854190696479,-1.45277789829397,-1.76741634602992
-0.0318700460214223,1.51158862192488,0.0786023109527559
0.892114027735772,-3.1723717464609,-2.13860226880098
-0.0318700460214223,2.34681107970178,0.0786023109527559
0.892114027735772,-0.799625624377991,-2.13860226880098
-0.0318700460214223,-0.318920621416301,0.0786023109527559
-0.0318700460214223,1.06277945362801,0.0786023109527559
-0.732931595835253,-1.45277789829397,-1.23161580007858
0.892114027735772,-0.461753093653802,-2.13860226880098
-0.0482191093847095,-1.45277789829397,-3.22036880427406
-0.823243120865673,-1.45277789829397,-2.63109605423216
0.892114027735772,-0.0840576109661073,-2.13860226880098
0.892114027735772,-0.327499971292282,-2.13860226880098
0.892114027735772,-0.694452043312964,-2.13860226880098
-0.608985116875263,-1.45277789829397,-0.747238829434135
-1.16825544028923,-1.45277789829397,-0.672221615409645
-0.0318700460214223,0.480820769520062,0.0786023109527559
0.0287009730334642,-1.45277789829397,0.513055349078575
0.892114027735772,-1.0410914084614,-2.13860226880098
-0.0318700460214223,0.222867484196968,0.0786023109527559
-0.922008166458627,-1.45277789829397,-2.65499816361158
0.892114027735772,0.44045794744423,-2.13860226880098
0.892114027735772,-2.45905201497642,-2.13860226880098
-1.1769225247484,-1.45277789829397,-0.578708281914309
0.892114027735772,-3.78650983203082,-2.13860226880098
-0.0318700460214223,0.861877615582721,0.0786023109527559
-0.0318700460214223,2.62766240175434,0.0786023109527559
-0.353918531287428,-1.45277789829397,-0.79202202867913
-1.72116888751802,-1.45277789829397,-2.29528988031116
0.892114027735772,-0.545206099953454,-2.13860226880098
0.892114027735772,0.00227546252015698,-2.13860226880098
-1.62149114169649,-1.45277789829397,-2.40812129223437
0.892114027735772,0.499665736591616,-2.13860226880098
-1.74990806830153,-1.45277789829397,-1.48146181950675
-3.15222968207402,-1.45277789829397,-0.786618368390657
-1.91489120653345,-1.45277789829397,-2.20580194503046
0.892114027735772,-0.599912025922509,-2.13860226880098
-0.0318700460214223,1.61604820249976,0.0786023109527559
-2.65421407690805,-1.45277789829397,-1.6981849042945
-0.0318700460214223,0.19655744376722,0.0786023109527559
-0.276195929701034,-1.45277789829397,-0.682955908436566
0.892114027735772,-0.793457296394863,-2.13860226880098
-1.63523102098824,-1.45277789829397,-2.05531905498137
0.892114027735772,-3.4158989511417,-2.13860226880098
-0.0318700460214223,-0.810178489979933,0.0786023109527559
0.892114027735772,0.196809101240954,-2.13860226880098
-2.70798431795907,-1.45277789829397,-0.0470521663154893
-0.0318700460214223,3.00831235583225,0.0786023109527559
-2.18962176794572,-1.45277789829397,-2.06510994791534
-3.04659649572397,-1.45277789829397,-1.39581115137119
-0.0318700460214223,1.17933631415703,0.0786023109527559
-1.95997200813896,-1.45277789829397,-1.33312438729381
-0.0318700460214223,0.00300140176898556,0.0786023109527559
0.892114027735772,-1.84704249850021,-2.13860226880098
1.26897643813402,-1.45277789829397,-2.2412926068662
-0.462178580817014,-1.45277789829397,-1.32305862123342
-2.30944396971426,-1.45277789829397,-1.40705365765221
-0.676052889365066,-1.45277789829397,-3.1025901902914
-2.85579007844704,-1.45277789829397,-1.82429767219817
-0.987024216959473,-1.45277789829397,-2.06645148257826
-0.0318700460214223,1.22609090725494,0.0786023109527559
-1.46479860315552,-1.45277789829397,-1.26595200129172
-0.57216069295792,-1.45277789829397,-1.86842842995964
0.892114027735772,-2.44126503780667,-2.13860226880098
-1.43848458126992,-1.45277789829397,-2.6099036286754
-1.25572215180325,-1.45277789829397,-2.50594084198733
-0.0318700460214223,1.128726417117,0.0786023109527559
-0.178318335974562,-1.45277789829397,-0.559975383807852
-0.466525762316699,-1.45277789829397,-2.87841369433354
-0.0318700460214223,1.65504426447951,0.0786023109527559
0.892114027735772,-0.155449526795219,-2.13860226880098
0.474456255900512,-1.45277789829397,-2.59362403347487
-0.0318700460214223,0.397101303688094,0.0786023109527559
-2.64805145945571,-1.45277789829397,-0.505818993507014
0.892114027735772,-1.13499927032833,-2.13860226880098
0.892114027735772,-2.51255168921935,-2.13860226880098
-0.59185607930313,-1.45277789829397,-2.28421005349687
-0.0318700460214223,1.07412526181889,0.0786023109527559
-0.0318700460214223,-1.18589484714321,0.0786023109527559
-1.13321024693518,-1.45277789829397,-1.16482872946902
-1.80050206855785,-1.45277789829397,-2.67235577498292
-2.21507009490246,-1.45277789829397,0.15488967762899
-3.23436250997187,-1.45277789829397,-3.41278328723008
-1.85530941850897,-1.45277789829397,-0.651875655289092
0.892114027735772,-0.876897598459882,-2.13860226880098
-0.0318700460214223,0.531572810205746,0.0786023109527559
-1.07618444841455,-1.45277789829397,-0.444218830850658
-0.0395832413874915,-1.45277789829397,-3.1342681036071
-1.28447704341623,-1.45277789829397,-1.55903171573773
0.0654186701096846,-1.45277789829397,-2.79033097125637
-1.17655706362423,-1.45277789829397,-1.50811048903886
-0.684572077932978,-1.45277789829397,-1.44540180132948
-0.0318700460214223,0.150769392763645,0.0786023109527559
-0.62029496440765,-1.45277789829397,-2.71385568100867
-0.658404091876251,-1.45277789829397,-1.25126006194035
0.142785084105049,-1.45277789829397,-1.80696235462111
0.352738741234321,-1.45277789829397,-0.543683258175827
0.892114027735772,-1.7284031801008,-2.13860226880098
-0.306237294418846,-1.45277789829397,-1.37832050232512
0.892114027735772,-0.377291926448325,-2.13860226880098
-0.0318700460214223,1.19855229555045,0.0786023109527559
-0.0127445477864589,-1.45277789829397,-2.85876991679563
0.892114027735772,0.206519335166532,-2.13860226880098
-0.657129181200396,-1.45277789829397,0.117042023187695
-0.261905594286162,-1.45277789829397,-3.5265352446959
-0.560523608736208,-1.45277789829397,0.454524427731851
-0.0318700460214223,0.458718132260812,0.0786023109527559
-0.0318700460214223,0.934860079844132,0.0786023109527559
0.892114027735772,-0.989077981316196,-2.13860226880098
-0.776099505752959,-1.45277789829397,-0.261839487041689
-1.62477012782561,-1.45277789829397,-2.49143144834263
-1.1436793530941,-1.45277789829397,-0.554588144967434
-1.10501067468848,-1.45277789829397,0.800346398218069
0.892114027735772,-1.8534357820113,-2.13860226880098
0.317668825959213,-1.45277789829397,-0.73973060888248
-0.0318700460214223,0.741008876731449,0.0786023109527559
0.892114027735772,-1.08428070914455,-2.13860226880098
0.892114027735772,-1.25171880098703,-2.13860226880098
-0.417032480716659,-1.45277789829397,-1.4093597383404
-2.04891585263409,-1.45277789829397,-2.58740180544735
0.378891860230951,-1.45277789829397,-0.505535803513359
0.277962480017573,-1.45277789829397,-1.36447558196735
-0.0318700460214223,-0.052030501831672,0.0786023109527559
-0.0318700460214223,0.158179039251136,0.0786023109527559
-0.792503843629699,-1.45277789829397,-0.884898624686081
-0.0318700460214223,-0.182121474814858,0.0786023109527559
-0.0318700460214223,-0.482377868922005,0.0786023109527559
-1.77406759596307,-1.45277789829397,-1.48719208938297
0.892114027735772,0.0114665467393898,-2.13860226880098
0.886659727716447,-1.45277789829397,-0.400031310189962
-0.539473791786915,-1.45277789829397,-1.6340759043353
-0.0318700460214223,0.470258691109799,0.0786023109527559
-0.0318700460214223,0.894258077389535,0.0786023109527559
0.892114027735772,-0.187110082134592,-2.13860226880098
0.892114027735772,-0.891190475509171,-2.13860226880098
-0.0318700460214223,0.265830798950014,0.0786023109527559
-0.42873431281804,-1.45277789829397,-1.02853979495918
-1.68923472645111,-1.45277789829397,-0.54286061712361
-0.0318700460214223,1.84734732957946,0.0786023109527559
-0.308374516220431,-1.45277789829397,-1.1406240036261
-1.14121525753774,-1.45277789829397,-1.57017679255038
-0.0318700460214223,-0.328510226768205,0.0786023109527559
0.892114027735772,0.1205433745782,-2.13860226880098
-0.0318700460214223,-0.965959474431714,0.0786023109527559
-1.94009606399646,-1.45277789829397,-2.11072595122306
0.892114027735772,-2.37616455798464,-2.13860226880098
-0.163790645594591,-1.45277789829397,-1.73522061958541
0.892114027735772,0.669789984609044,-2.13860226880098
0.892114027735772,-0.504846584877734,-2.13860226880098
0.892114027735772,-0.645078842266621,-2.13860226880098
-0.0318700460214223,1.3261060398738,0.0786023109527559
-0.0318700460214223,0.597538309652884,0.0786023109527559
-0.729663546809706,-1.45277789829397,-3.42227379255129
0.892114027735772,-0.641707016614314,-2.13860226880098
-0.0318700460214223,0.250129812613602,0.0786023109527559
-0.0318700460214223,0.178833948155845,0.0786023109527559
-0.458086997446157,-1.45277789829397,-3.12076355120822
-0.112550046976644,-1.45277789829397,-2.17766890606382
-0.587742586567141,-1.45277789829397,-1.79195348300994
-3.36870467913775,-1.45277789829397,-1.94840413150778
-2.16988225919458,-1.45277789829397,-1.77034146758283
-0.855937351345355,-1.45277789829397,-1.51233668746872
-2.04896238562342,-1.45277789829397,-0.462258611362383
-1.97034047704247,-1.45277789829397,-1.55418931866417
-0.0318700460214223,1.57731090137063,0.0786023109527559
-1.00559299379649,-1.45277789829397,-1.73021339125842
-0.0318700460214223,1.12189934991637,0.0786023109527559
-0.616193221915174,-1.45277789829397,-0.834793398783095
-0.0318700460214223,0.250014853081059,0.0786023109527559
-2.72207047835141,-1.45277789829397,-1.78582717772326
0.892114027735772,1.62548632975266,-2.13860226880098
-2.85405715903662,-1.45277789829397,-1.05323814145189
-1.55620803063758,-1.45277789829397,-1.70687767252577
-0.0318700460214223,-0.585904095896817,0.0786023109527559
0.892114027735772,-1.3220950054757,-2.13860226880098
0.892114027735772,-1.00123266914604,-2.13860226880098
-0.104253575362535,-1.45277789829397,-0.0104111892883947
-0.0318700460214223,1.14329749108711,0.0786023109527559
0.892114027735772,-0.343928308511075,-2.13860226880098
-1.73581280077179,-1.45277789829397,-2.56050446989649
-0.29088841648493,-1.45277789829397,-2.33611819526441
-0.0318700460214223,0.63797783059297,0.0786023109527559
-0.991704738541533,-1.45277789829397,-0.713389711599111
-0.0318700460214223,0.370561946697131,0.0786023109527559
0.892114027735772,-0.957050467293432,-2.13860226880098
-1.25728030570056,-1.45277789829397,-0.732795966397304
-1.89395243570916,-1.45277789829397,-0.828301970204055
-1.71898487617743,-1.45277789829397,-1.90902793164692
-0.123169695137563,-1.45277789829397,-0.394714435801867
-0.755156227362094,-1.45277789829397,-2.21133621663585
0.049460287353656,-1.45277789829397,-2.27941510813019
0.892114027735772,-1.00873700586895,-2.13860226880098
-1.61305213508645,-1.45277789829397,-1.52955297186381
-0.0318700460214223,1.03236240397651,0.0786023109527559
0.892114027735772,-0.0203590517921737,-2.13860226880098
-1.95271099211542,-1.45277789829397,-0.659805208777887
0.892114027735772,-1.02946392791733,-2.13860226880098
-2.52059552459714,-1.45277789829397,-3.37084108741176
0.892114027735772,-3.42662049809295,-2.13860226880098
-0.633647112909949,-1.45277789829397,-0.612054206658412
0.892114027735772,-0.259419976151367,-2.13860226880098
-0.149896706865479,-1.45277789829397,-2.74751458684283
0.892114027735772,-1.49555893570695,-2.13860226880098
0.892114027735772,-1.8090596673978,-2.13860226880098
-0.0318700460214223,0.562262618202333,0.0786023109527559
-0.153869985661374,-1.45277789829397,-1.71873061726994
0.892114027735772,-0.260541467284014,-2.13860226880098
-0.545931717405536,-1.45277789829397,-2.81516773257679
-0.516373156367305,-1.45277789829397,-0.861958435731424
-0.425545411644113,-1.45277789829397,-1.71268195733596
-0.0318700460214223,2.0660722348962,0.0786023109527559
0.892114027735772,-2.06727110316566,-2.13860226880098
-0.477018688417196,-1.45277789829397,0.539456743605847
-1.63416202142224,-1.45277789829397,-1.75494753452586
-0.0318700460214223,2.08979454631875,0.0786023109527559
-1.03516214690312,-1.45277789829397,-0.250667543678379
-0.691976431646923,-1.45277789829397,-0.624171597899659
-0.821322128716918,-1.45277789829397,-0.566624254128452
-3.07483042638001,-1.45277789829397,-1.61079300548765
-0.0318700460214223,1.0462701519189,0.0786023109527559
-1.72066602044099,-1.45277789829397,-4.14216607233732
0.892114027735772,-1.57284046528434,-2.13860226880098
-0.183456965483199,-1.45277789829397,-1.14879298007603
-0.0318700460214223,-0.0774227564034787,0.0786023109527559
-0.0318700460214223,1.89569038454199,0.0786023109527559
0.892114027735772,-0.454807071165064,-2.13860226880098
-0.0318700460214223,-0.591080295321305,0.0786023109527559
-0.0318700460214223,-0.0581351080220602,0.0786023109527559
-0.0318700460214223,-1.60150406570197,0.0786023109527559
-1.71743822723843,-1.45277789829397,-1.47346728355625
0.892114027735772,-3.92492386719677,-2.13860226880098
-0.0318700460214223,1.99955130410943,0.0786023109527559
-0.0318700460214223,1.19427842130545,0.0786023109527559
-0.0318700460214223,-0.196328042949885,0.0786023109527559
-1.37062064574318,-1.45277789829397,-1.56959782954648
-0.700687102470552,-1.45277789829397,-1.43056143807942
0.892114027735772,-2.1968569112779,-2.13860226880098
-3.75692502545609,-1.45277789829397,-0.637705376763669
-2.18572087255657,-1.45277789829397,-1.44019872588521
-0.0604304400131759,-1.45277789829397,-1.62118461622558
-1.32496612753299,-1.45277789829397,-0.309703971309417
-1.22319054659202,-1.45277789829397,-1.22208233634147
-0.0318700460214223,1.43109328571632,0.0786023109527559
0.892114027735772,-1.74647697161943,-2.13860226880098
0.892114027735772,-0.452041988137954,-2.13860226880098
-0.0318700460214223,-0.0724775381029967,0.0786023109527559
-1.30414032085025,-1.45277789829397,-1.90518941567712
-0.0318700460214223,0.957482206464814,0.0786023109527559
-1.21736892820004,-1.45277789829397,-2.21756337435309
0.620870587594762,-1.45277789829397,-0.244410153634298
-1.22627817141321,-1.45277789829397,-0.712073184205672
0.892114027735772,-3.76970878707109,-2.13860226880098
-0.0318700460214223,0.63608506045631,0.0786023109527559
-0.0318700460214223,0.762139903251327,0.0786023109527559
-0.407039842299475,-1.45277789829397,-0.224508496918691
0.892114027735772,-1.25159200096351,-2.13860226880098
0.892114027735772,-2.45995946883597,-2.13860226880098
-0.200258396089859,-1.45277789829397,-2.44448031291297
-0.98894766311803,-1.45277789829397,-1.63298404642458
0.892114027735772,-0.105778760618696,-2.13860226880098
-0.59604813485214,-1.45277789829397,-0.995919262422675
-0.0318700460214223,2.95796338492491,0.0786023109527559
-0.792851288754677,-1.45277789829397,-1.94190678042128
0.892114027735772,-0.360873230317346,-2.13860226880098
-0.0318700460214223,0.817633844814857,0.0786023109527559
0.892114027735772,-0.925891780818582,-2.13860226880098
0.0952793840253221,-1.45277789829397,-1.30748874248793
-0.555265034854006,-1.45277789829397,-2.79685327491145
-1.61893802110327,-1.45277789829397,-1.77273513517837
0.892114027735772,-1.44155537062512,-2.13860226880098
0.892114027735772,2.04884110113874,-2.13860226880098
-0.0318700460214223,1.84002152029711,0.0786023109527559
-0.0318700460214223,1.7959954319228,0.0786023109527559
0.892114027735772,-1.06761649810458,-2.13860226880098
-2.44262481794322,-1.45277789829397,-0.823710639384146
0.892114027735772,0.360699088862699,-2.13860226880098
-0.0318700460214223,0.106807575237657,0.0786023109527559
0.892114027735772,-2.37627372726927,-2.13860226880098
-0.0318700460214223,0.505906362783715,0.0786023109527559
0.0276652261039807,-1.45277789829397,-1.13243060845558
-0.929124606452362,-1.45277789829397,-2.10309927440869
-0.226711059496289,-1.45277789829397,-2.0001722099614
0.892114027735772,-1.50445376909324,-2.13860226880098
1.28606693969519,-1.45277789829397,-0.726735419445687
-0.0318700460214223,0.915030962540456,0.0786023109527559
-0.0318700460214223,1.85184852933708,0.0786023109527559
-0.0318700460214223,-0.941454102828466,0.0786023109527559
-0.564722069643605,-1.45277789829397,-1.73342713968206
-0.00915207987369326,-1.45277789829397,-1.35618867392772
-0.0318700460214223,1.06366947040955,0.0786023109527559
-1.49316413324039,-1.45277789829397,-0.00219054791478768
-0.0318700460214223,0.13610723736921,0.0786023109527559
0.791795306479387,-1.45277789829397,-1.90254428532172
-0.0318700460214223,-0.914306534374506,0.0786023109527559
-0.284258479183432,-1.45277789829397,-1.46216820597065
0.892114027735772,-0.163753569162478,-2.13860226880098
-1.00183284514957,-1.45277789829397,0.055499460441212
0.892114027735772,-1.45265031529454,-2.13860226880098
-2.57673924006359,-1.45277789829397,-1.396968692926
-0.0318700460214223,1.4821786718669,0.0786023109527559
0.892114027735772,-2.73553100346036,-2.13860226880098
-0.770981798001386,-1.45277789829397,-0.774297114897005
0.892114027735772,-0.980800110744398,-2.13860226880098
-0.0318700460214223,2.17064617454754,0.0786023109527559
0.696340408445883,-1.45277789829397,0.683136921119675
0.892114027735772,-2.14485383298739,-2.13860226880098
0.892114027735772,-2.20401216330951,-2.13860226880098
-2.60744982409662,-1.45277789829397,-3.17448215560623
0.268211041326548,-1.45277789829397,-2.40455183747518
-2.1282438267696,-1.45277789829397,-0.616367548786328
0.892114027735772,-1.85323132880499,-2.13860226880098
-0.0318700460214223,2.12985524624782,0.0786023109527559
-1.35596921628454,-1.45277789829397,-2.3814668659145
-2.35440520526532,-1.45277789829397,-1.35526767239689
-1.12308202549795,-1.45277789829397,-1.28817760376484
-1.73179573293442,-1.45277789829397,-0.0054963939113637
-0.0318700460214223,-1.59872131825928,0.0786023109527559
0.892114027735772,-2.137263580688,-2.13860226880098
-0.0318700460214223,0.627852447689843,0.0786023109527559
-0.154704015234705,-1.45277789829397,-1.83694849006229
0.892114027735772,-1.8142801659807,-2.13860226880098
0.271876181245825,-1.45277789829397,-3.0751894652797
-0.0318700460214223,1.98005827146529,0.0786023109527559
-0.0979001030157842,-1.45277789829397,0.00323063486835418
0.892114027735772,-0.367321315236908,-2.13860226880098
-1.70100056948688,-1.45277789829397,0.654222017297734
-0.870369786202864,-1.45277789829397,-3.65500695743358
-0.668433719161405,-1.45277789829397,-4.0648004466138
0.892114027735772,-0.749278463494056,-2.13860226880098
-0.0318700460214223,1.11032890437664,0.0786023109527559
-0.0318700460214223,0.144851564806952,0.0786023109527559
-0.533270869273466,-1.45277789829397,-3.33618587037249
-0.0318700460214223,2.31298350165249,0.0786023109527559
-0.882868782061241,-1.45277789829397,-2.62303772065624
0.892114027735772,-0.299275558992828,-2.13860226880098
-0.0318700460214223,0.689806079146312,0.0786023109527559
-0.649927079627835,-1.45277789829397,-1.83321591008705
-0.0318700460214223,0.705426128066668,0.0786023109527559
-2.56781521335441,-1.45277789829397,-0.931488607519654
1.03350966032958,-1.45277789829397,0.0608138779038216
0.892114027735772,0.0350009422727672,-2.13860226880098
-0.0318700460214223,0.711199940118003,0.0786023109527559
-1.86145305877175,-1.45277789829397,-2.20385576261157
0.892114027735772,-2.03665610120133,-2.13860226880098
-0.0318700460214223,0.946615297768748,0.0786023109527559
0.892114027735772,-2.46556504955051,-2.13860226880098
0.892114027735772,-2.14079227806524,-2.13860226880098
-0.470348071573537,-1.45277789829397,-2.06205216693471
-0.0318700460214223,0.0373869892434735,0.0786023109527559
-1.68013137387027,-1.45277789829397,-3.24899850350224
-0.0318700460214223,-0.0426401212476085,0.0786023109527559
-0.0318700460214223,-0.449637301816328,0.0786023109527559
-1.98097987284499,-1.45277789829397,-1.66544921936072
-0.0318700460214223,1.37068245309952,0.0786023109527559
-0.0318700460214223,0.614652137607803,0.0786023109527559
0.892114027735772,-0.911611464540532,-2.13860226880098
-1.03779443690217,-1.45277789829397,-3.09737124971504
-1.70609580255227,-1.45277789829397,-2.37010514012228
-0.0318700460214223,0.296955773154268,0.0786023109527559
0.892114027735772,-2.16998944625888,-2.13860226880098
-0.0318700460214223,2.91661194341203,0.0786023109527559
-1.94950184528048,-1.45277789829397,-0.985355648691305
